581.12 62.5 0.34
598.7 57.88 0.58
876.14 26.05 0.19
599.05 57.64 0.32
598.73 57.86 0.49
850.03 58.2 0.45
850.18 58.27 0.62
823.92 59.91 0.74
620.5 286.35 0.85
614.25 338.91 0.72
637.45 237.81 0.62
637.5 237.79 0.49
575.36 362.29 0.44
575.22 362.22 0.3
603.82 311.92 0.69
854.78 75.2 0.72
854.74 75.26 0.39
657.2 329.83 0.98
686.89 641.03 0.55
836.98 320.15 0.64
719.63 570.95 0.67
438.3 786.91 0.9
827.93 991.88 0.74
880.2 452.26 0.58
716.7 827.29 0.65
612.29 596.76 0.1
700.86 932.47 0.29
888.82 758.11 0.3
670.38 915.02 0.29
780.73 969.83 0.35
1000.0 808.57 0.57
216.29 176.07 0.99
216.0 191.94 0.3
309.62 229.95 0.33
213.47 177.86 0.29
211.55 178.04 0.54
211.66 229.86 0.03
226.75 311.47 0.78
263.35 251.78 0.69
373.44 141.93 0.47
206.18 207.54 0.84
389.54 199.5 0.01
376.54 193.03 0.6
572.62 143.96 0.22
393.05 118.47 0.91
393.03 118.45 0.85
249.49 234.61 0.35
211.78 225.6 0.33
211.96 225.73 0.35
260.49 164.36 0.38
223.02 206.33 0.7
217.86 215.06 0.99
531.73 272.93 0.22
372.83 363.45 0.01
374.45 369.18 0.17
268.5 349.28 0.92
266.81 349.59 0.84
439.42 337.11 0.57
362.77 340.2 0.23
335.6 341.69 0.64
521.39 308.14 0.25
426.11 306.23 0.37
532.03 371.76 0.52
421.28 308.68 0.5
401.98 359.68 0.05
427.58 305.74 0.02
279.77 323.33 0.68
268.99 346.94 0.08
267.41 348.72 0.22
268.37 346.05 0.87
225.33 339.14 0.22
362.32 339.41 0.28
446.54 289.27 0.63
224.46 338.16 0.84
225.46 337.24 0.49
229.0 338.99 0.19
267.51 337.3 0.38
222.61 343.56 0.1
217.16 343.21 0.62
226.95 344.48 0.64
214.89 342.62 0.5
271.83 332.63 0.57
410.27 288.51 0.27
440.75 336.01 0.36
438.61 312.74 0.17
422.33 414.9 0.86
413.09 418.95 0.81
291.73 494.41 0.06
272.02 472.79 0.62
283.46 462.08 0.5
283.78 462.21 0.49
265.98 469.91 0.64
260.05 483.79 0.06
285.49 465.73 0.19
347.4 442.75 0.34
364.85 387.53 0.87
362.98 388.39 0.27
347.47 443.04 0.17
411.32 449.17 0.58
256.2 456.99 0.02
258.24 488.34 0.41
364.87 387.47 0.41
362.49 387.77 0.7
334.36 436.72 0.51
297.9 493.62 0.76
383.71 494.76 0.77
338.69 405.63 0.11
236.44 555.56 0.33
254.82 504.77 0.31
255.06 505.02 0.76
255.0 504.99 0.36
236.25 518.86 0.61
533.52 596.69 0.89
372.85 547.07 0.22
394.57 547.98 0.37
394.94 548.08 0.41
370.02 500.76 0.35
278.79 517.83 0.46
239.85 502.27 0.58
261.26 567.28 0.33
297.91 493.63 0.19
368.67 502.25 0.51
373.92 505.08 0.39
374.33 547.83 0.72
307.64 516.74 0.92
239.35 540.79 0.85
239.74 541.42 0.66
259.03 536.52 0.14
282.44 773.71 0.44
226.75 583.05 0.73
233.35 591.86 0.19
168.4 737.18 0.27
167.66 737.13 0.32
194.77 606.09 0.76
186.47 660.03 0.23
185.81 660.04 0.67
239.23 602.77 0.54
10.72 778.63 0.45
0.0 762.98 0.28
244.71 623.82 0.38
310.65 593.76 0.49
315.46 760.71 0.23
314.42 759.56 0.99
232.13 591.33 0.92
123.57 725.4 0.95
100.4 759.29 0.83
113.04 750.79 0.06
100.42 759.27 0.97
113.06 750.81 0.97
188.49 807.54 0.61
193.01 883.97 0.13
155.21 876.74 0.83
368.81 795.11 0.7
368.83 794.87 0.55
247.8 963.23 0.17
531.37 966.58 0.96
417.2 811.34 0.6
575.66 913.19 0.93
523.37 806.73 0.91
76.48 1000.0 0.85
372.76 547.01 0.32
748.61 210.67 0.44
710.9 0.0 0.95
323.14 185.86 0.19
295.62 493.53 0.81
331.33 409.44 0.01
368.77 795.08 0.92
124.48 725.0 0.36
319.11 636.78 0.48
311.13 649.1 0.19
254.61 862.4 0.1
274.21 334.23 0.18
316.23 336.06 0.56
280.32 323.76 0.95
281.22 324.55 0.08
239.9 557.36 0.99
236.86 556.57 0.01
236.87 556.75 0.64
225.84 236.68 0.17
